0.03/0;27.53;0.82,-0.10,10.76;-0.09,-0.04,0.03;30.22;17.00
0.05/0;27.55;0.82,-0.15,10.93;-0.09,-0.04,0.03;30.27;17.00
0.06/0;27.63;0.82,-0.09,10.78;-0.09,-0.04,0.03;30.27;16.00
0.08/0;27.63;0.91,-0.06,10.79;-0.09,-0.04,0.03;30.32;16.00
0.10/0;27.61;0.85,-0.09,10.84;-0.09,-0.04,0.03;30.37;16.00
0.11/0;27.75;0.91,-0.08,10.86;-0.09,-0.04,0.03;30.37;17.00
0.13/0;27.73;0.81,-0.04,10.83;-0.09,-0.04,0.03;30.41;16.00
0.15/0;27.55;0.85,-0.07,10.80;-0.09,-0.04,0.03;30.37;16.00
0.16/0;27.69;0.90,-0.14,10.79;-0.09,-0.04,0.03;30.37;17.00
0.18/0;27.61;0.89,-0.06,10.79;-0.09,-0.04,0.03;30.32;17.00
0.20/0;27.61;0.84,-0.01,10.90;-0.09,-0.04,0.03;30.41;17.00
0.21/0;27.67;0.85,-0.08,10.80;-0.09,-0.04,0.03;30.37;16.00
0.23/0;27.63;0.85,-0.10,10.80;-0.09,-0.04,0.03;30.46;16.00
0.25/0;27.75;0.89,-0.07,10.85;-0.09,-0.04,0.03;30.32;17.00
0.26/0;27.73;0.87,-0.08,10.75;-0.09,-0.04,0.03;30.27;16.00
0.28/0;27.79;0.78,-0.12,10.83;-0.09,-0.05,0.03;30.46;16.00
0.30/0;27.79;0.80,-0.15,10.91;-0.08,-0.04,0.03;30.32;16.00
0.32/0;27.69;0.78,0.04,10.36;-0.07,-0.01,0.03;30.41;16.00
0.33/0;27.73;0.85,0.03,10.71;-0.09,-0.04,0.03;30.46;17.00
0.35/0;27.75;0.86,-0.11,10.82;-0.09,-0.04,0.03;30.41;17.00
0.37/0;27.63;1.02,-0.06,10.49;-0.09,-0.02,0.04;30.41;16.00
0.38/0;27.61;0.89,-0.03,10.74;-0.09,-0.04,0.03;30.46;16.00
0.40/0;27.67;0.79,0.03,10.69;-0.08,-0.06,0.10;30.41;17.00
0.42/0;27.69;1.09,-0.25,10.60;-0.10,0.01,-0.04;30.32;17.00
0.43/0;27.67;-3.22,0.55,16.89;-0.03,-0.07,0.20;30.37;16.00
0.45/0;27.73;0.87,-0.03,10.79;-0.09,-0.04,0.03;30.46;15.00
0.47/0;27.67;0.71,-0.07,10.78;-0.09,-0.03,0.03;30.51;16.00
0.48/0;27.67;0.75,-0.09,10.78;-0.09,-0.04,0.03;30.46;17.00
0.50/0;27.63;0.99,-0.33,10.73;-0.09,-0.01,-0.07;30.46;16.00
0.52/0;27.67;0.84,-0.09,10.79;-0.09,-0.04,0.03;30.32;15.00
0.53/0;27.73;0.79,-0.11,10.83;-0.09,-0.04,0.03;30.46;16.00
0.55/0;27.75;0.80,-0.10,10.78;-0.09,-0.04,0.03;30.37;16.00
0.57/0;27.73;0.85,-0.18,10.83;-0.09,-0.04,0.03;30.51;16.00
0.58/0;27.75;0.81,-0.15,10.83;-0.09,-0.04,0.03;30.60;15.00
0.60/0;27.67;0.81,-0.03,10.77;-0.09,-0.04,0.03;30.46;15.00
0.62/0;27.67;0.86,-0.06,10.39;-0.09,-0.02,0.03;30.41;16.00
0.63/0;27.67;0.82,-0.15,10.92;-0.09,-0.03,0.03;30.55;16.00
0.65/0;27.73;0.78,-0.07,10.76;-0.09,-0.04,0.03;30.46;15.00
0.67/544;27.59;0.91,-0.08,10.78;-0.09,-0.04,0.03;30.51;15.00
0.68/0;27.69;0.80,-0.07,10.78;-0.09,-0.04,0.03;30.51;15.00
0.70/0;27.67;0.81,-0.10,10.84;-0.09,-0.04,0.03;30.46;16.00
0.72/0;27.73;0.75,-0.15,10.78;-0.09,-0.04,0.03;30.37;15.00
0.73/0;27.79;0.77,-0.09,10.81;-0.09,-0.04,0.03;30.41;15.00
0.75/0;27.75;0.81,-0.08,10.77;-0.09,-0.04,0.03;30.46;14.00
0.77/0;27.79;0.80,-0.09,10.88;-0.09,-0.04,0.03;30.55;15.00
0.78/0;27.69;0.82,-0.03,10.76;-0.09,-0.04,0.03;30.51;15.00
0.80/0;27.69;0.79,-0.13,10.75;-0.09,-0.04,0.03;30.37;15.00
0.82/327;27.73;0.82,-0.05,10.86;-0.09,-0.04,0.03;30.46;14.00
0.83/0;27.69;0.79,-0.11,10.77;-0.09,-0.04,0.03;30.51;14.00
0.85/0;27.67;0.83,-0.07,10.74;-0.09,-0.04,0.03;30.51;15.00
0.87/0;27.67;0.88,-0.10,10.82;-0.09,-0.04,0.03;30.55;16.00
0.88/0;27.73;0.82,-0.04,10.81;-0.09,-0.04,0.03;30.51;16.00
0.90/0;27.75;0.80,-0.12,10.87;-0.09,-0.04,0.03;30.46;16.00
0.92/0;27.75;0.80,-0.06,10.90;-0.09,-0.04,0.03;30.55;16.00
0.93/0;27.63;0.90,-0.06,10.87;-0.09,-0.04,0.03;30.51;16.00
0.95/0;27.69;0.84,-0.02,10.83;-0.09,-0.04,0.03;30.51;16.00
0.97/112;27.63;0.78,-0.13,10.74;-0.08,-0.04,0.03;30.46;15.00
0.98/0;27.69;0.81,-0.08,10.76;-0.09,-0.04,0.03;30.60;15.00
1.00/0;27.69;0.83,-0.10,10.82;-0.09,-0.04,0.03;30.60;16.00
1.02/0;27.69;0.77,-0.15,10.83;-0.09,-0.04,0.03;30.55;16.00
1.03/0;27.67;0.80,-0.07,10.82;-0.09,-0.04,0.03;30.51;15.00
1.05/0;27.75;0.79,-0.06,10.79;-0.09,-0.04,0.03;30.51;15.00
1.07/0;27.79;0.80,-0.05,10.82;-0.09,-0.04,0.02;30.55;15.00
1.08/0;27.75;0.84,-0.03,10.85;-0.08,-0.04,0.03;30.55;16.00
1.10/0;27.69;0.80,-0.06,10.74;-0.09,-0.04,0.03;30.51;16.00
1.12/0;27.73;0.80,-0.12,10.75;-0.09,-0.04,0.03;30.55;16.00
1.13/0;27.73;0.82,-0.12,10.76;-0.09,-0.04,0.03;30.65;16.00
1.15/0;27.73;0.75,-0.02,10.87;-0.09,-0.04,0.03;30.60;17.00
1.17/0;27.69;0.84,-0.07,10.78;-0.09,-0.04,0.03;30.55;17.00
1.19/0;27.73;0.85,-0.07,10.80;-0.09,-0.04,0.03;30.65;16.00
1.20/0;27.79;0.81,-0.08,10.75;-0.08,-0.04,0.03;30.51;15.00
1.22/0;27.75;0.81,-0.06,10.88;-0.09,-0.04,0.03;30.55;15.00
1.24/0;27.69;0.78,-0.16,10.82;-0.09,-0.04,0.03;30.55;16.00
1.25/0;27.69;0.81,-0.04,10.81;-0.09,-0.04,0.03;30.60;16.00
1.27/0;27.69;0.87,-0.12,10.82;-0.09,-0.04,0.03;30.46;16.00
1.29/0;27.75;0.84,-0.09,10.88;-0.09,-0.04,0.03;30.55;15.00
1.30/0;27.69;0.79,-0.08,10.78;-0.09,-0.04,0.03;30.51;15.00
1.32/0;27.75;0.75,-0.10,10.75;-0.09,-0.04,0.03;30.65;15.00
1.34/0;27.75;0.82,-0.12,10.80;-0.08,-0.04,0.03;30.55;15.00
1.35/0;27.75;0.84,-0.09,10.85;-0.09,-0.04,0.03;30.60;15.00
1.37/0;27.69;0.80,-0.07,10.76;-0.09,-0.04,0.03;30.60;14.00
1.39/0;27.69;0.73,-0.09,10.85;-0.09,-0.04,0.03;30.65;14.00
1.40/0;27.69;0.78,-0.14,10.80;-0.09,-0.04,0.03;30.51;15.00
1.42/0;27.69;0.76,-0.11,10.87;-0.09,-0.04,0.03;30.65;15.00
1.44/0;27.67;0.84,-0.07,10.81;-0.09,-0.04,0.03;30.65;14.00
1.45/0;27.73;0.80,-0.13,10.85;-0.09,-0.04,0.03;30.60;14.00
1.47/0;27.73;0.82,-0.09,10.72;-0.09,-0.04,0.03;30.60;14.00
1.49/0;27.69;0.82,-0.11,10.74;-0.09,-0.04,0.03;30.46;14.00
1.50/0;27.69;0.75,-0.05,10.79;-0.09,-0.04,0.03;30.69;14.00
1.52/0;27.73;0.80,-0.06,10.83;-0.09,-0.04,0.03;30.65;14.00
1.54/0;27.69;0.78,-0.16,10.82;-0.09,-0.04,0.03;30.55;13.00
1.55/0;27.69;0.87,-0.12,10.81;-0.09,-0.04,0.03;30.51;14.00
1.57/0;27.75;0.78,-0.19,10.73;-0.09,-0.04,0.03;30.60;14.00
1.59/0;27.75;0.79,-0.05,10.81;-0.09,-0.04,0.03;30.65;14.00
1.60/0;27.75;0.76,-0.13,10.84;-0.09,-0.04,0.03;30.51;13.00
1.62/0;27.75;0.81,-0.03,10.77;-0.09,-0.04,0.03;30.55;13.00
1.64/0;27.73;0.82,-0.03,10.81;-0.09,-0.04,0.03;30.55;14.00
1.65/0;27.73;0.76,-0.05,10.93;-0.09,-0.04,0.03;30.60;14.00
1.67/0;27.75;0.79,-0.03,10.90;-0.09,-0.04,0.03;30.51;14.00
1.69/0;27.69;0.82,-0.05,10.75;-0.09,-0.04,0.03;30.55;13.00
1.70/0;27.73;0.90,-0.14,10.83;-0.09,-0.04,0.03;30.60;13.00
1.72/0;27.73;0.78,-0.08,10.77;-0.09,-0.04,0.03;30.60;14.00
1.74/0;27.75;0.79,-0.03,10.79;-0.09,-0.04,0.03;30.55;14.00
1.75/0;27.73;0.78,-0.08,10.85;-0.09,-0.04,0.03;30.65;14.00
1.77/0;27.73;0.80,-0.19,10.55;-0.09,-0.03,0.03;30.60;13.00
1.79/0;27.73;0.85,-0.02,10.80;-0.09,-0.04,0.03;30.65;13.00
1.80/0;27.73;0.87,-0.15,10.83;-0.08,-0.04,0.03;30.60;14.00
1.82/0;27.69;0.80,-0.15,10.73;-0.09,-0.04,0.03;30.60;15.00
1.84/0;27.67;0.86,-0.12,10.81;-0.09,-0.04,0.03;30.65;15.00
1.85/0;27.73;0.84,-0.07,10.98;-0.09,-0.04,0.03;30.55;15.00
1.87/0;27.73;0.77,-0.10,10.78;-0.09,-0.04,0.03;30.60;15.00
1.89/0;27.73;0.79,-0.09,10.82;-0.09,-0.04,0.03;30.55;15.00
1.90/0;27.73;0.74,-0.10,10.77;-0.09,-0.04,0.03;30.55;15.00
1.92/0;27.75;0.83,-0.08,10.80;-0.09,-0.04,0.03;30.69;15.00
1.94/0;27.79;0.86,-0.10,10.76;-0.09,-0.04,0.03;30.65;15.00
1.95/560;27.75;0.81,-0.11,10.78;-0.09,-0.04,0.03;30.55;14.00
1.97/0;27.79;0.80,-0.06,10.83;-0.08,-0.04,0.03;30.51;15.00
1.99/0;27.75;0.88,-0.11,10.83;-0.09,-0.04,0.03;30.65;16.00
2.01/0;27.73;0.80,-0.12,10.80;-0.09,-0.04,0.03;30.55;16.00
2.02/0;27.73;0.83,-0.11,10.84;-0.09,-0.04,0.03;30.69;15.00
2.04/0;27.73;0.81,-0.09,10.68;-0.09,-0.04,0.03;30.65;14.00
2.06/0;27.73;0.80,-0.06,10.76;-0.09,-0.04,0.03;30.55;15.00
2.07/0;27.79;0.77,-0.12,10.79;-0.09,-0.04,0.03;30.69;16.00
2.09/0;27.73;0.78,-0.06,10.93;-0.09,-0.04,0.03;30.60;16.00
2.11/0;27.73;0.81,-0.10,10.76;-0.09,-0.04,0.03;30.65;17.00
2.12/0;27.73;0.88,-0.08,10.77;-0.09,-0.04,0.03;30.51;16.00
2.14/0;27.79;0.82,-0.13,10.77;-0.08,-0.04,0.03;30.69;15.00
2.16/0;27.75;0.70,-0.13,10.81;-0.09,-0.04,0.03;30.55;16.00
2.17/0;27.75;0.70,-0.10,10.89;-0.09,-0.04,0.03;30.60;16.00
2.19/0;27.79;0.87,-0.08,10.69;-0.08,-0.05,0.03;30.60;16.00
2.21/0;27.69;0.86,-0.04,10.74;-0.09,-0.04,0.03;30.65;15.00
2.22/0;27.79;0.82,-0.18,10.80;-0.09,-0.04,0.03;30.60;16.00
2.24/0;27.75;0.78,-0.11,10.89;-0.08,-0.05,0.03;30.69;17.00
2.26/0;27.69;0.78,-0.10,10.80;-0.09,-0.04,0.03;30.60;16.00
2.27/0;27.69;0.84,-0.09,10.82;-0.09,-0.04,0.03;30.60;17.00
2.29/0;27.73;0.81,-0.05,10.83;-0.09,-0.04,0.03;30.60;16.00
2.31/0;27.79;0.79,-0.10,10.83;-0.09,-0.04,0.03;30.65;16.00
2.32/0;27.75;0.78,-0.06,10.81;-0.09,-0.04,0.03;30.60;16.00
2.34/0;27.75;0.73,-0.05,10.87;-0.09,-0.04,0.03;30.51;16.00
2.36/0;27.73;0.75,-0.11,10.86;-0.08,-0.04,0.03;30.65;16.00
2.37/0;27.73;0.79,-0.12,10.83;-0.09,-0.04,0.03;30.60;16.00
2.39/0;27.75;0.81,-0.08,10.84;-0.09,-0.04,0.03;30.51;15.00
2.41/0;27.73;0.79,-0.12,10.82;-0.09,-0.04,0.03;30.69;16.00
2.42/0;27.73;0.79,-0.10,10.89;-0.09,-0.04,0.03;30.60;16.00
2.44/0;27.75;0.82,-0.13,10.79;-0.09,-0.04,0.03;30.60;16.00
2.46/0;27.81;0.79,-0.11,10.83;-0.09,-0.04,0.03;30.74;16.00
2.47/0;27.75;0.81,-0.07,10.81;-0.09,-0.04,0.03;30.69;15.00
2.49/0;27.73;0.67,-0.09,10.76;-0.09,-0.04,0.03;30.69;17.00
2.51/0;27.75;0.76,-0.08,10.79;-0.09,-0.04,0.03;30.65;18.00
2.52/0;27.75;0.78,-0.09,10.80;-0.09,-0.04,0.03;30.60;18.00
2.54/0;27.75;0.75,-0.11,10.85;-0.09,-0.04,0.03;30.60;17.00
2.56/0;27.79;0.87,-0.11,10.79;-0.09,-0.04,0.03;30.60;16.00
2.57/0;27.73;0.86,-0.09,10.86;-0.09,-0.04,0.03;30.69;16.00
2.59/0;27.75;0.85,-0.02,10.87;-0.09,-0.04,0.03;30.60;17.00
2.61/0;27.73;0.83,-0.10,10.77;-0.08,-0.04,0.03;30.65;17.00
2.62/0;27.75;0.72,-0.08,10.82;-0.09,-0.04,0.03;30.69;17.00
2.64/0;27.79;0.76,-0.13,10.77;-0.09,-0.04,0.03;30.69;16.00
2.66/0;27.73;0.83,-0.11,10.79;-0.09,-0.04,0.03;30.65;16.00
2.67/0;27.75;0.79,-0.06,11.17;-0.08,-0.08,0.03;30.69;16.00
2.69/0;27.69;0.77,-0.11,10.71;-0.09,-0.04,0.03;30.60;16.00
2.71/0;27.79;0.81,-0.12,10.83;-0.09,-0.04,0.03;30.51;16.00
2.72/0;27.79;0.75,-0.08,10.82;-0.09,-0.04,0.03;30.69;16.00
2.74/0;27.81;0.71,-0.11,10.92;-0.09,-0.05,0.03;30.69;15.00
2.76/0;27.81;0.81,-0.09,10.77;-0.09,-0.04,0.03;30.55;16.00
2.77/0;27.79;0.80,-0.10,10.76;-0.09,-0.04,0.03;30.65;16.00
2.79/0;27.73;0.83,-0.12,10.82;-0.09,-0.04,0.03;30.60;16.00
2.81/0;27.79;0.79,-0.12,10.79;-0.09,-0.04,0.03;30.65;16.00
2.83/0;27.79;0.82,-0.11,10.84;-0.09,-0.03,0.03;30.65;15.00
2.84/991;27.73;0.72,-0.11,10.91;-0.09,-0.05,0.03;30.60;15.00
2.86/0;27.69;0.92,-0.23,10.73;-0.09,-0.04,0.03;30.65;16.00
2.88/0;27.75;0.88,-0.03,10.85;-0.08,-0.04,0.03;30.60;17.00
2.89/0;27.75;0.81,-0.07,10.81;-0.09,-0.04,0.03;30.69;16.00
2.91/0;27.85;0.77,-0.11,10.83;-0.09,-0.04,0.03;30.65;16.00
2.93/0;27.79;0.79,-0.14,10.80;-0.09,-0.04,0.03;30.65;17.00
2.94/0;27.75;0.80,-0.11,10.83;-0.09,-0.04,0.03;30.60;18.00
2.96/0;27.79;0.73,-0.10,10.81;-0.09,-0.04,0.03;30.65;18.00
2.98/0;27.75;0.82,-0.07,10.80;-0.09,-0.04,0.03;30.55;18.00
2.99/0;27.79;0.85,-0.10,10.81;-0.09,-0.04,0.03;30.69;17.00
3.01/0;27.79;0.77,-0.14,10.76;-0.08,-0.04,0.03;30.65;17.00
3.03/0;27.81;0.82,-0.11,10.72;-0.08,-0.04,0.03;30.65;19.00
3.04/0;27.79;0.88,-0.05,10.78;-0.09,-0.04,0.03;30.69;19.00
3.06/0;27.85;0.81,-0.13,10.75;-0.08,-0.04,0.03;30.65;18.00
3.08/0;27.79;0.82,-0.14,10.85;-0.09,-0.04,0.03;30.65;18.00
3.09/0;27.81;0.75,-0.11,10.98;-0.09,-0.04,0.03;30.69;18.00
3.11/0;27.79;0.84,-0.07,10.79;-0.09,-0.03,0.03;30.65;19.00
3.13/0;27.75;0.88,-0.07,10.83;-0.09,-0.04,0.03;30.65;19.00
3.14/0;27.85;0.78,-0.17,10.81;-0.08,-0.05,0.03;30.60;20.00
3.16/0;27.79;0.73,-0.08,10.79;-0.09,-0.04,0.03;30.65;19.00
3.18/0;27.75;0.84,-0.07,10.84;-0.09,-0.04,0.03;30.65;18.00
3.19/0;27.85;0.74,-0.15,10.92;-0.09,-0.03,0.03;30.60;19.00
3.21/0;27.85;0.79,-0.05,10.92;-0.08,-0.04,0.03;30.65;20.00
3.23/0;27.85;0.80,-0.15,10.71;-0.08,-0.04,0.03;30.65;20.00
3.24/0;27.79;0.78,-0.10,10.73;-0.09,-0.04,0.03;30.60;19.00
3.26/0;27.85;0.78,-0.10,10.86;-0.09,-0.04,0.03;30.65;18.00
3.28/0;27.81;0.81,-0.03,10.85;-0.09,-0.04,0.03;30.55;18.00
3.29/0;27.81;0.75,-0.07,10.83;-0.09,-0.04,0.03;30.69;19.00
3.31/0;27.85;0.79,-0.10,10.85;-0.09,-0.04,0.03;30.74;19.00
3.33/0;27.85;0.83,-0.08,10.76;-0.09,-0.04,0.03;30.84;18.00
3.34/0;27.81;0.84,-0.09,11.15;-0.09,-0.04,0.03;30.69;17.00
3.36/0;27.81;0.78,-0.09,10.91;-0.09,-0.04,0.03;30.65;18.00
3.38/0;27.81;0.81,-0.12,10.74;-0.09,-0.03,0.03;30.55;19.00
3.39/0;27.75;0.82,-0.12,10.79;-0.09,-0.04,0.03;30.69;19.00
3.41/0;27.75;0.78,-0.08,10.83;-0.09,-0.04,0.03;30.65;19.00
3.43/0;27.75;0.77,-0.13,10.80;-0.09,-0.04,0.03;30.74;18.00
3.44/0;27.67;0.79,-0.11,10.83;-0.09,-0.04,0.03;30.69;17.00
3.46/0;27.75;0.80,-0.06,10.82;-0.09,-0.04,0.03;30.65;18.00
3.48/0;27.75;0.76,-0.13,10.75;-0.09,-0.04,0.03;30.74;18.00
3.49/0;27.75;0.79,-0.12,10.80;-0.09,-0.04,0.03;30.60;18.00
3.51/0;27.75;0.86,-0.09,10.73;-0.09,-0.04,0.03;30.65;17.00
3.53/0;27.73;0.79,-0.04,10.78;-0.09,-0.04,0.03;30.65;17.00
3.54/0;27.73;0.83,-0.14,10.84;-0.09,-0.04,0.03;30.60;17.00
3.56/0;27.85;0.81,-0.10,10.75;-0.09,-0.04,0.03;30.65;17.00
3.58/0;27.73;0.84,-0.07,10.79;-0.09,-0.04,0.03;30.65;17.00
3.59/0;27.73;0.77,-0.12,10.81;-0.08,-0.04,0.03;30.69;16.00
3.61/0;27.81;0.76,-0.20,10.79;-0.09,-0.04,0.03;30.65;16.00
3.63/0;27.85;0.76,-0.11,10.81;-0.09,-0.04,0.03;30.65;16.00
3.64/0;27.85;0.84,-0.14,10.87;-0.09,-0.04,0.03;30.60;17.00
3.66/0;27.79;0.83,-0.06,10.79;-0.09,-0.04,0.03;30.69;17.00
3.68/198;27.79;0.80,-0.07,10.82;-0.09,-0.04,0.03;30.60;16.00
3.70/0;27.79;0.74,-0.10,10.83;-0.09,-0.04,0.03;30.69;15.00
3.71/0;27.85;0.83,-0.05,10.80;-0.08,-0.04,0.03;30.65;16.00
3.73/0;27.75;0.85,-0.16,10.58;-0.08,-0.04,0.03;30.65;16.00
3.75/0;27.75;0.79,-0.08,10.84;-0.09,-0.04,0.03;30.60;16.00
3.76/0;27.81;0.79,-0.07,10.87;-0.08,-0.04,0.03;30.65;15.00
3.78/0;27.81;0.78,-0.13,10.85;-0.09,-0.04,0.03;30.65;15.00
3.80/0;27.79;0.79,-0.17,10.72;-0.09,-0.04,0.03;30.79;15.00
3.81/0;27.87;0.79,-0.10,10.77;-0.09,-0.04,0.03;30.74;15.00
3.83/0;27.79;0.76,-0.07,10.80;-0.09,-0.04,0.03;30.74;15.00
3.85/0;27.85;0.80,-0.07,10.83;-0.08,-0.04,0.03;30.69;14.00
3.86/0;27.75;0.75,-0.10,10.88;-0.09,-0.04,0.03;30.60;14.00
3.88/0;27.79;0.80,-0.10,10.81;-0.09,-0.04,0.03;30.74;15.00
3.90/0;27.81;0.81,-0.13,10.76;-0.08,-0.04,0.03;30.69;15.00
3.91/0;27.75;0.77,-0.11,10.74;-0.09,-0.04,0.03;30.74;15.00
3.93/0;27.75;0.77,-0.10,10.84;-0.09,-0.04,0.03;30.65;14.00
3.95/0;27.75;0.77,-0.10,10.80;-0.09,-0.04,0.03;30.60;14.00
3.96/0;27.67;0.75,-0.14,10.79;-0.09,-0.04,0.03;30.69;15.00
3.98/0;27.75;0.77,-0.12,10.75;-0.09,-0.04,0.03;30.65;15.00
4.00/0;27.75;0.83,-0.06,10.75;-0.09,-0.04,0.03;30.69;15.00
4.01/0;27.75;0.79,-0.11,10.84;-0.09,-0.04,0.03;30.65;14.00
4.03/0;27.69;0.78,-0.10,10.78;-0.09,-0.04,0.03;30.65;14.00
4.05/0;27.55;0.75,-0.08,10.89;-0.09,-0.04,0.03;30.69;14.00
4.06/0;27.61;0.79,-0.11,10.79;-0.09,-0.04,0.03;30.65;14.00
4.08/0;27.61;0.83,-0.09,10.82;-0.09,-0.04,0.03;30.55;14.00
4.10/0;27.61;0.74,-0.07,10.83;-0.09,-0.04,0.03;30.69;14.00
4.11/0;27.63;0.85,-0.14,10.87;-0.09,-0.04,0.03;30.65;13.00
4.13/0;27.67;0.86,-0.11,10.85;-0.09,-0.04,0.03;30.65;14.00
4.15/0;27.73;0.74,-0.06,10.85;-0.08,-0.04,0.03;30.69;14.00
4.16/0;27.73;0.82,-0.06,10.80;-0.09,-0.04,0.03;30.69;14.00
4.18/0;27.69;0.82,-0.07,10.82;-0.09,-0.04,0.03;30.65;14.00
4.20/0;27.73;0.82,-0.07,10.82;-0.09,-0.04,0.03;30.60;13.00
4.21/0;27.75;0.74,-0.13,10.70;-0.09,-0.04,0.03;30.74;13.00
4.23/0;27.69;0.80,-0.03,10.79;-0.09,-0.04,0.03;30.74;14.00
4.25/0;27.67;0.76,-0.06,10.80;-0.09,-0.04,0.03;30.69;15.00
4.26/0;27.73;0.84,-0.04,10.78;-0.09,-0.04,0.03;30.69;15.00
4.28/0;27.73;0.79,-0.15,10.83;-0.09,-0.04,0.03;30.69;15.00
4.30/0;27.69;0.81,-0.09,10.89;-0.09,-0.04,0.03;30.69;15.00
4.31/0;27.75;0.81,-0.12,10.89;-0.09,-0.04,0.03;30.65;17.00
4.33/0;27.69;0.86,-0.11,10.72;-0.09,-0.04,0.03;30.74;17.00
4.35/0;27.73;0.85,-0.11,10.81;-0.09,-0.04,0.03;30.69;17.00
4.36/0;27.63;0.78,-0.05,10.83;-0.08,-0.04,0.03;30.65;16.00
4.38/0;27.61;0.76,-0.03,10.83;-0.09,-0.05,0.03;30.74;16.00
4.40/0;27.69;0.89,-0.11,10.78;-0.09,-0.04,0.03;30.60;16.00
4.41/0;27.75;0.81,-0.10,10.83;-0.09,-0.04,0.03;30.65;17.00
4.43/0;27.75;0.78,-0.07,10.80;-0.09,-0.04,0.03;30.65;18.00
4.45/0;27.79;0.79,-0.14,10.81;-0.09,-0.04,0.03;30.69;17.00
4.46/0;27.85;0.79,-0.11,10.66;-0.09,-0.04,0.03;30.60;17.00
4.48/0;27.73;0.79,-0.15,10.84;-0.09,-0.04,0.03;30.65;17.00
4.50/0;27.79;0.74,-0.08,10.86;-0.09,-0.04,0.03;30.69;17.00
4.52/0;27.73;0.80,-0.07,10.76;-0.08,-0.04,0.03;30.65;17.00
4.53/0;27.61;0.79,-0.07,10.80;-0.09,-0.04,0.03;30.65;18.00
4.55/0;27.75;0.85,-0.10,10.86;-0.09,-0.04,0.03;30.60;18.00
4.57/592;27.81;0.84,0.00,10.63;-0.09,-0.03,0.03;30.60;18.00
4.58/0;27.91;0.80,-0.02,10.80;-0.08,-0.07,0.14;30.69;18.00
4.60/0;27.75;0.80,-0.12,10.77;-0.09,-0.04,0.03;30.69;18.00
4.62/0;27.79;0.92,-0.02,10.60;-0.10,0.01,0.03;30.65;18.00
4.63/0;27.73;0.86,-0.07,10.95;-0.09,-0.03,0.03;30.65;18.00
4.65/0;28.01;0.78,-0.13,10.79;-0.08,-0.04,0.03;30.69;17.00
4.67/0;27.93;0.78,-0.17,10.77;-0.09,-0.04,0.03;30.74;17.00
4.68/0;28.07;0.76,-0.13,10.79;-0.09,-0.04,0.03;30.74;17.00
4.70/0;28.05;0.80,-0.11,10.89;-0.09,-0.04,0.03;30.69;17.00
4.72/0;27.91;0.78,-0.06,10.91;-0.09,-0.04,0.03;30.65;18.00
4.73/0;27.95;0.67,-0.15,11.02;-0.08,-0.05,0.02;30.60;19.00
4.75/0;27.81;0.82,-0.09,10.65;-0.09,-0.03,0.03;30.69;19.00
4.77/0;27.85;4.57,-4.40,11.37;-0.04,-0.08,-0.16;30.69;19.00
4.78/0;27.79;0.89,0.00,10.62;-0.08,-0.07,0.03;30.65;18.00
4.80/0;27.73;0.84,-0.07,10.78;-0.09,-0.04,0.03;30.60;19.00
4.82/0;27.81;0.92,-0.07,10.66;-0.08,-0.10,0.03;30.74;19.00
4.83/0;27.81;0.73,0.72,10.67;-0.06,-0.09,-0.05;30.65;19.00
4.85/0;27.75;0.82,-0.08,10.80;-0.09,-0.04,0.03;30.69;19.00
4.87/0;27.81;0.90,-0.07,10.73;-0.09,-0.03,0.03;30.74;20.00
4.88/0;27.87;0.97,-0.06,10.84;-0.09,-0.04,0.03;30.65;20.00
4.90/0;27.85;0.91,-0.10,10.83;-0.09,-0.04,0.03;30.60;20.00
4.92/0;27.81;0.91,-0.12,10.13;-0.09,-0.01,0.03;30.65;19.00
4.93/0;27.99;0.93,-0.08,10.69;-0.09,-0.04,0.03;30.65;19.00
4.95/0;27.81;0.90,-0.06,10.75;-0.09,-0.04,0.03;30.60;20.00
4.97/0;27.91;0.89,-0.10,10.84;-0.09,-0.03,0.03;30.65;21.00
4.98/0;27.99;0.89,-0.04,10.75;-0.09,-0.04,0.03;30.55;21.00
5.00/0;27.93;0.85,-0.10,10.86;-0.09,-0.04,0.03;30.69;21.00
5.02/0;27.73;0.87,-0.10,10.80;-0.09,-0.04,0.03;30.74;21.00
5.03/0;27.55;0.90,-0.06,10.81;-0.08,-0.04,0.03;30.65;21.00
5.05/0;27.59;0.81,-0.05,10.76;-0.09,-0.04,0.03;30.69;21.00
5.07/0;27.73;0.94,-0.02,10.63;-0.09,-0.04,0.03;30.60;21.00
5.08/0;27.59;0.77,-0.11,10.76;-0.09,-0.04,0.03;30.55;21.00
5.10/0;27.69;0.79,-0.15,10.86;-0.09,-0.04,0.03;30.60;20.00
5.12/0;27.53;0.85,-0.08,10.75;-0.08,-0.04,0.03;30.65;22.00
5.13/0;27.67;0.81,-0.04,10.84;-0.09,-0.04,0.03;30.55;24.00
5.15/0;27.63;0.80,-0.07,10.90;-0.08,-0.04,0.03;30.69;24.00
5.17/0;27.67;0.84,-0.08,10.84;-0.09,-0.04,0.03;30.60;24.00
5.18/0;27.63;0.84,-0.05,10.73;-0.09,-0.04,0.03;30.65;23.00
5.20/0;27.63;0.79,-0.14,10.74;-0.09,-0.04,0.03;30.60;22.00
5.22/0;27.73;0.90,-0.08,10.89;-0.09,-0.04,0.03;30.55;23.00
5.23/0;27.69;0.87,-0.09,10.81;-0.09,-0.04,0.03;30.55;22.00
5.25/0;27.85;0.79,-0.09,10.83;-0.09,-0.04,0.03;30.60;23.00
5.27/0;27.99;0.84,-0.03,10.81;-0.09,-0.04,0.03;30.51;23.00
5.28/0;27.93;0.85,-0.08,10.84;-0.09,-0.04,0.03;30.55;22.00
5.30/0;27.87;0.83,-0.06,10.88;-0.08,-0.04,0.03;30.60;23.00
5.32/0;27.85;0.83,-0.16,10.81;-0.09,-0.04,0.03;30.65;24.00
5.34/0;27.73;0.91,-0.04,10.80;-0.08,-0.04,0.03;30.65;24.00
5.35/0;27.73;0.80,-0.08,10.83;-0.09,-0.04,0.03;30.60;23.00
5.37/0;28.05;0.91,-0.02,10.75;-0.09,-0.05,0.03;30.60;22.00
5.39/0;27.91;0.91,-0.11,10.85;-0.09,-0.04,0.03;30.55;23.00
5.40/0;27.91;0.98,-0.04,10.77;-0.09,-0.04,0.03;30.55;25.00
5.42/0;27.93;0.86,-0.05,10.96;-0.09,-0.04,0.03;30.46;26.00
5.44/0;27.91;0.87,-0.07,10.76;-0.09,-0.04,0.03;30.55;26.00
5.45/0;27.81;0.86,-0.06,10.81;-0.09,-0.04,0.03;30.55;25.00
5.47/0;27.93;0.82,-0.13,10.78;-0.09,-0.04,0.03;30.51;24.00
5.49/0;27.91;0.84,-0.11,10.79;-0.09,-0.04,0.03;30.55;24.00
5.50/0;27.85;0.87,-0.09,10.88;-0.08,-0.04,0.03;30.55;24.00
5.52/0;28.07;0.85,-0.05,10.83;-0.09,-0.04,0.02;30.60;24.00
5.54/0;27.91;0.88,-0.11,10.76;-0.09,-0.04,0.03;30.55;23.00
5.55/979;28.07;0.87,-0.09,10.80;-0.09,-0.04,0.03;30.55;21.00
5.57/0;27.75;0.85,-0.10,10.75;-0.09,-0.04,0.03;30.51;5.00
5.59/0;27.69;0.82,-0.23,10.84;-0.07,-0.08,0.31;30.46;5.00
5.60/0;27.73;0.89,-0.07,10.83;-0.09,-0.04,0.03;30.55;24.00
5.62/0;27.63;0.82,-0.15,10.61;-0.09,-0.04,0.03;30.51;23.00
5.64/0;27.67;0.84,-0.12,10.88;-0.09,-0.04,0.03;30.51;23.00
5.65/0;27.73;0.82,-0.11,10.78;-0.09,-0.04,0.03;30.55;16.00
5.67/0;27.73;0.77,-0.11,10.83;-0.09,-0.04,0.03;30.51;16.00
5.69/0;27.63;0.84,-0.04,10.72;-0.09,-0.04,0.03;30.51;16.00
5.70/0;27.69;0.85,0.02,10.79;-0.09,-0.04,0.03;30.55;22.00
5.72/0;27.61;0.85,-0.04,10.84;-0.09,-0.04,0.03;30.41;22.00
5.74/0;27.69;0.85,-0.08,10.77;-0.09,-0.04,0.03;30.51;22.00
5.75/0;27.69;0.84,-0.04,10.79;-0.09,-0.03,0.03;30.55;22.00
5.77/0;27.73;0.88,-0.08,10.84;-0.08,-0.04,0.03;30.41;23.00
5.79/0;27.61;0.77,-0.08,10.78;-0.09,-0.04,0.03;30.41;22.00
5.80/0;27.55;0.89,-0.05,10.79;-0.09,-0.04,0.03;30.37;22.00
5.82/0;27.59;0.92,-0.11,10.78;-0.08,-0.04,0.03;30.41;22.00
5.84/0;27.47;0.87,-0.07,10.79;-0.09,-0.04,0.03;30.41;22.00
5.85/0;27.43;0.87,-0.05,10.87;-0.08,-0.04,0.03;30.46;22.00
5.87/0;27.47;0.77,-0.04,10.82;-0.09,-0.04,0.03;30.46;21.00
5.89/0;27.47;0.87,-0.07,10.86;-0.08,-0.04,0.03;30.41;20.00
5.90/0;27.49;0.84,-0.11,10.84;-0.09,-0.04,0.03;30.46;20.00
5.92/0;27.59;0.79,-0.06,10.87;-0.09,-0.03,0.03;30.46;20.00
5.94/0;27.55;0.88,-0.03,10.79;-0.09,-0.04,0.03;30.41;20.00
5.95/0;27.55;0.85,-0.11,10.75;-0.09,-0.04,0.03;30.46;19.00
5.97/0;27.55;0.81,-0.05,10.83;-0.09,-0.04,0.03;30.46;19.00
5.99/0;27.41;0.90,-0.03,10.77;-0.09,-0.04,0.03;30.41;19.00
6.00/0;27.41;0.88,-0.05,10.93;-0.09,-0.03,0.03;30.37;20.00
6.02/0;27.47;0.83,-0.06,10.85;-0.09,-0.03,0.03;30.27;20.00
6.04/0;27.53;0.83,-0.09,10.89;-0.09,-0.04,0.03;30.37;21.00
6.05/0;27.47;0.79,-0.09,10.86;-0.09,-0.04,0.03;30.32;21.00
6.07/0;28.11;0.83,-0.10,10.87;-0.09,-0.04,0.03;30.37;22.00
6.09/0;27.99;0.88,-0.04,10.84;-0.09,-0.04,0.03;30.37;23.00
6.10/0;28.05;0.74,-0.06,11.04;-0.09,-0.04,0.03;30.41;22.00
6.12/0;27.93;0.90,-0.11,10.81;-0.09,-0.04,0.03;30.46;22.00
6.14/0;27.81;0.90,-0.06,10.87;-0.09,-0.04,0.03;30.37;22.00
6.15/0;27.59;0.84,-0.07,10.71;-0.09,-0.04,0.03;30.37;22.00
6.17/0;27.41;0.83,-0.06,10.74;-0.09,-0.04,0.03;30.32;23.00
6.19/0;27.37;0.89,-0.12,10.81;-0.09,-0.04,0.03;30.27;23.00
6.21/0;27.49;0.89,-0.07,10.83;-0.09,-0.04,0.03;30.32;22.00
6.22/0;27.55;0.83,-0.08,10.83;-0.09,-0.04,0.03;30.32;22.00
6.24/0;27.59;0.88,-0.10,10.81;-0.09,-0.04,0.03;30.27;22.00
6.26/0;27.67;0.89,-0.09,10.85;-0.09,-0.04,0.03;30.46;22.00
6.27/0;27.63;0.87,-0.07,10.86;-0.09,-0.04,0.03;30.22;22.00
6.29/0;27.61;0.83,-0.09,10.82;-0.09,-0.05,0.03;30.37;22.00
6.31/0;27.55;0.85,-0.09,10.84;-0.09,-0.04,0.03;30.37;22.00
6.32/0;27.59;0.85,-0.13,10.76;-0.09,-0.04,0.03;30.32;21.00
6.34/0;27.55;0.90,-0.05,10.92;-0.09,-0.04,0.03;30.32;21.00
6.36/0;27.47;0.85,-0.09,10.86;-0.09,-0.04,0.03;30.37;22.00
6.37/0;27.53;0.89,-0.08,10.76;-0.09,-0.04,0.03;30.32;21.00
6.39/0;27.49;0.81,-0.14,10.82;-0.09,-0.04,0.03;30.37;20.00
6.41/0;27.49;0.85,-0.00,10.60;-0.10,-0.02,0.03;30.27;21.00
6.42/0;27.43;1.27,-0.16,9.89;-0.08,-0.00,0.03;30.27;21.00
6.44/0;27.37;0.90,-0.09,10.77;-0.09,-0.04,0.03;30.32;22.00
6.46/0;27.37;0.84,-0.01,10.86;-0.09,-0.04,0.03;30.27;22.00
6.47/0;27.47;0.86,-0.03,10.78;-0.09,-0.04,0.03;30.27;22.00
6.49/0;27.35;0.78,-0.05,10.83;-0.08,-0.04,0.03;30.32;22.00
6.51/0;27.47;0.87,-0.07,10.85;-0.08,-0.04,0.03;30.32;22.00
6.52/0;27.49;0.74,-0.08,10.78;-0.09,-0.04,0.02;30.27;22.00
6.54/0;27.49;0.89,-0.00,10.75;-0.09,-0.04,0.03;30.22;21.00
6.56/0;27.53;0.75,-0.06,10.75;-0.09,-0.04,0.03;30.32;21.00
6.57/0;27.53;0.83,-0.10,10.76;-0.09,-0.04,0.03;30.37;20.00
6.59/1015;27.49;0.89,-0.08,10.68;-0.09,-0.03,0.03;30.18;20.00
6.61/0;27.53;0.81,-0.05,10.80;-0.09,-0.04,0.03;30.27;21.00
6.62/0;27.49;0.91,-0.05,10.76;-0.09,-0.04,0.03;30.27;21.00
6.64/0;27.41;0.82,-0.03,10.81;-0.09,-0.04,0.03;30.18;21.00
6.66/0;27.47;0.91,-0.11,10.73;-0.09,-0.04,0.03;30.32;20.00
6.67/0;27.53;0.82,-0.10,10.80;-0.09,-0.04,0.03;30.27;20.00
6.69/0;27.49;0.85,-0.11,10.81;-0.09,-0.04,0.03;30.18;20.00
6.71/0;27.43;0.83,-0.04,10.83;-0.08,-0.04,0.03;30.27;20.00
6.72/0;27.41;0.85,0.01,10.84;-0.09,-0.04,0.03;30.32;20.00
6.74/0;27.47;0.88,-0.12,10.73;-0.09,-0.04,0.03;30.27;19.00
6.76/0;27.53;0.85,-0.13,10.77;-0.09,-0.04,0.03;30.27;19.00
6.77/0;27.47;0.81,-0.10,10.79;-0.09,-0.04,0.03;30.22;20.00
6.79/0;27.43;0.85,-0.14,10.80;-0.08,-0.04,0.03;30.22;20.00
6.81/0;27.43;0.85,-0.05,10.82;-0.09,-0.04,0.03;30.18;21.00
6.82/0;27.43;0.83,-0.03,10.83;-0.09,-0.04,0.03;30.13;20.00
6.84/0;27.43;0.85,-0.19,10.82;-0.09,-0.04,0.03;30.22;19.00
6.86/0;27.43;0.81,-0.09,10.76;-0.09,-0.04,0.03;30.18;20.00
6.87/0;27.49;0.82,-0.11,10.90;-0.09,-0.04,0.03;30.27;19.00
6.89/0;27.43;0.79,-0.07,10.76;-0.09,-0.04,0.03;30.22;19.00
6.91/0;27.43;0.91,-0.13,10.75;-0.09,-0.04,0.03;30.22;19.00
6.92/0;27.49;0.86,-0.06,10.75;-0.09,-0.04,0.03;30.27;18.00
6.94/0;27.49;0.89,-0.05,10.70;-0.09,-0.03,0.03;30.18;19.00
6.96/0;27.47;0.87,-0.06,10.84;-0.09,-0.04,0.03;30.18;19.00
6.97/0;27.59;0.87,-0.09,10.82;-0.09,-0.04,0.03;30.18;20.00
6.99/0;27.55;0.83,-0.04,10.78;-0.08,-0.04,0.03;30.18;20.00
7.01/0;27.61;0.82,-0.14,10.78;-0.09,-0.04,0.03;30.22;20.00
7.03/0;27.61;0.82,-0.08,10.77;-0.09,-0.04,0.03;30.22;20.00
7.04/0;27.59;0.85,-0.13,10.80;-0.09,-0.04,0.03;30.27;20.00
7.06/0;27.59;0.87,-0.05,10.75;-0.09,-0.04,0.03;30.22;20.00
7.08/0;27.69;0.81,-0.10,10.71;-0.08,-0.04,0.03;30.32;20.00
7.09/0;27.61;0.85,-0.12,10.84;-0.08,-0.04,0.03;30.27;20.00
7.11/0;27.59;0.91,-0.14,10.78;-0.09,-0.04,0.03;30.18;20.00
7.13/0;27.67;0.84,-0.12,10.82;-0.09,-0.04,0.03;30.32;20.00
7.14/0;27.63;0.89,0.02,10.85;-0.09,-0.03,0.03;30.27;19.00
7.16/0;27.67;0.85,-0.10,10.77;-0.09,-0.05,0.03;30.27;19.00
7.18/0;27.63;0.81,-0.16,10.83;-0.09,-0.04,0.03;30.32;19.00
7.19/0;27.69;0.84,-0.05,10.87;-0.08,-0.04,0.03;30.22;19.00
7.21/0;27.73;0.86,-0.09,10.92;-0.09,-0.04,0.03;30.27;19.00
7.23/0;27.61;0.82,-0.11,10.76;-0.09,-0.04,0.03;30.22;19.00
7.24/0;27.59;0.86,-0.13,10.84;-0.09,-0.04,0.03;30.22;20.00
7.26/0;27.63;0.85,-0.07,10.80;-0.09,-0.04,0.03;30.27;20.00
7.28/0;27.87;0.88,-0.12,10.83;-0.09,-0.04,0.03;30.27;20.00
7.29/0;27.69;0.84,-0.10,10.84;-0.09,-0.04,0.03;30.32;20.00
7.31/0;27.73;0.86,-0.13,10.81;-0.09,-0.04,0.03;30.32;19.00
7.33/0;27.67;0.81,-0.01,10.79;-0.09,-0.04,0.03;30.37;19.00
7.34/0;27.69;0.83,-0.04,10.83;-0.09,-0.04,0.03;30.32;20.00
7.36/0;27.69;0.86,-0.07,10.84;-0.09,-0.04,0.03;30.32;20.00
7.38/0;27.63;0.79,-0.10,10.76;-0.09,-0.04,0.03;30.27;20.00
7.39/0;27.61;0.87,-0.06,10.69;-0.09,-0.04,0.03;30.27;20.00
7.41/0;27.67;0.85,-0.04,10.82;-0.09,-0.04,0.03;30.22;20.00
7.43/0;27.61;0.90,0.03,10.74;-0.09,-0.04,0.03;30.32;19.00
7.44/0;27.73;0.83,-0.10,10.56;-0.08,-0.04,0.03;30.27;21.00
7.46/0;27.85;0.89,-0.02,10.78;-0.09,-0.04,0.03;30.32;21.00
7.48/0;27.81;0.82,-0.06,10.84;-0.09,-0.04,0.03;30.22;21.00
7.49/0;27.85;0.85,-0.14,10.76;-0.09,-0.04,0.03;30.27;20.00
7.51/0;28.01;0.87,-0.13,10.75;-0.09,-0.04,0.03;30.32;20.00
7.53/0;27.85;0.84,-0.04,10.86;-0.09,-0.04,0.03;30.37;20.00
7.54/0;27.87;0.84,-0.11,10.73;-0.09,-0.04,0.03;30.37;21.00
7.56/0;27.79;0.83,-0.08,10.75;-0.09,-0.04,0.03;30.37;22.00
7.58/1369;27.81;0.85,-0.04,10.81;-0.08,-0.04,0.03;30.41;23.00
7.59/0;27.73;0.88,-0.10,10.85;-0.09,-0.03,0.03;30.37;23.00
7.61/0;27.75;0.83,-0.07,10.83;-0.09,-0.04,0.03;30.37;23.00
7.63/0;27.67;0.71,-0.11,10.82;-0.09,-0.04,0.03;30.32;24.00
7.64/0;27.61;0.79,-0.08,10.84;-0.09,-0.04,0.03;30.41;24.00
7.66/0;27.59;0.81,-0.04,10.83;-0.09,-0.04,0.03;30.27;24.00
7.68/0;27.59;0.86,-0.04,10.83;-0.09,-0.04,0.03;30.41;24.00
7.69/0;27.67;0.83,-0.08,10.78;-0.09,-0.04,0.03;30.32;24.00
7.71/0;27.69;0.84,-0.12,10.78;-0.09,-0.03,0.03;30.37;23.00
7.73/0;27.69;0.81,-0.06,10.76;-0.09,-0.04,0.03;30.22;24.00
7.74/0;27.79;0.84,-0.08,10.83;-0.09,-0.04,0.03;30.41;25.00
7.76/0;27.85;0.85,-0.11,10.79;-0.09,-0.04,0.03;30.37;24.00
7.78/0;27.67;0.85,0.01,10.82;-0.09,-0.04,0.03;30.37;24.00
7.79/0;27.63;0.83,-0.09,10.89;-0.09,-0.04,0.03;30.41;24.00
7.81/0;27.67;0.89,-0.01,10.77;-0.09,-0.04,0.03;30.37;24.00
7.83/0;27.99;0.94,-0.09,10.78;-0.09,-0.04,0.03;30.46;24.00
7.85/0;27.81;0.91,-0.11,10.91;-0.08,-0.04,0.03;30.41;26.00
7.86/0;27.87;0.82,-0.09,10.73;-0.08,-0.04,0.03;30.51;25.00
7.88/0;27.85;0.85,-0.03,10.83;-0.09,-0.04,0.03;30.32;24.00
7.90/0;28.11;0.97,-0.03,10.62;-0.09,-0.02,0.03;30.41;24.00
7.91/0;28.07;0.84,-0.08,10.83;-0.07,-0.10,0.03;30.37;24.00
7.93/0;28.13;0.85,-0.09,10.80;-0.09,-0.04,0.03;30.37;24.00
7.95/0;28.07;0.92,-0.12,10.81;-0.09,-0.04,0.03;30.37;23.00
7.96/0;28.01;0.88,-0.13,10.83;-0.09,-0.04,0.03;30.41;23.00
7.98/0;28.27;0.77,-0.17,10.93;-0.12,0.06,0.01;30.37;23.00
8.00/0;28.23;1.69,0.61,9.45;-0.47,-0.07,0.90;30.46;23.00
8.01/0;27.91;2.65,-2.71,10.64;-0.51,-0.64,-0.40;30.41;23.00
8.03/0;27.67;3.27,-2.98,10.05;0.29,-0.73,-0.00;30.41;22.00
8.05/133;27.63;2.62,-1.60,10.75;0.37,-1.03,-0.26;30.46;22.00
8.06/0;27.99;3.41,0.75,10.96;-0.00,-0.03,-0.10;30.41;23.00
8.08/0;27.67;1.81,-2.61,10.16;-1.14,-0.03,0.08;30.51;24.00
8.10/0;27.63;2.09,-2.45,10.62;1.15,-0.70,-0.49;30.37;24.00
8.11/0;27.73;2.60,-2.19,9.85;0.67,-0.65,-0.44;30.41;24.00
8.13/0;27.75;2.53,-2.68,10.23;0.22,-0.09,0.05;30.41;23.00
8.15/19;27.79;2.28,-2.86,9.78;0.94,0.71,0.50;30.37;23.00
8.16/0;27.73;0.57,-0.18,10.75;-0.09,-0.04,0.03;30.46;23.00
8.18/0;27.75;0.62,-0.18,10.81;-0.09,-0.04,0.03;30.37;23.00
8.20/0;27.69;0.62,-0.10,10.79;-0.09,-0.03,0.03;30.46;23.00
8.21/0;27.69;0.59,-0.10,10.79;-0.09,-0.04,0.03;30.37;23.00
8.23/0;27.67;0.57,-0.18,10.84;-0.09,-0.04,0.03;30.51;23.00
8.25/0;27.69;0.68,0.01,10.84;-0.08,-0.05,0.03;30.46;24.00
8.26/0;27.63;0.60,-0.18,10.81;-0.09,-0.04,0.03;30.46;24.00
8.28/0;27.67;0.62,-0.17,10.79;-0.09,-0.04,0.03;30.51;24.00
8.30/0;27.67;0.65,-0.14,10.81;-0.09,-0.04,0.03;30.46;24.00
8.31/0;27.69;0.65,-0.16,10.81;-0.09,-0.04,0.03;30.55;24.00
8.33/0;27.63;0.62,-0.19,10.80;-0.09,-0.04,0.02;30.41;25.00
8.35/0;27.69;0.70,-0.14,10.80;-0.08,-0.05,0.03;30.51;24.00
8.36/0;27.67;0.59,-0.18,10.74;-0.09,-0.04,0.03;30.55;24.00
8.38/0;27.69;0.81,-0.17,10.80;-0.08,-0.04,0.03;30.60;24.00
8.40/0;27.69;0.69,-0.05,10.80;-0.09,-0.04,0.03;30.55;26.00
8.41/0;27.69;0.75,-0.11,10.84;-0.09,-0.04,0.03;30.65;26.00
8.43/0;27.73;0.63,-0.23,10.83;-0.08,-0.04,0.03;30.51;25.00
8.45/0;27.75;0.75,-0.15,10.77;-0.09,-0.04,0.03;30.51;24.00
8.46/321;27.69;0.83,-0.07,10.79;-0.09,-0.04,0.03;30.46;24.00
8.48/0;27.67;0.64,-0.17,10.89;-0.09,-0.04,0.03;30.51;24.00
8.50/0;27.69;0.64,-0.17,10.76;-0.09,-0.04,0.03;30.37;24.00
8.51/0;27.75;0.67,-0.08,10.85;-0.09,-0.04,0.03;30.55;24.00
8.53/0;27.73;0.67,-0.10,10.85;-0.09,-0.04,0.03;30.55;23.00
8.55/0;27.69;0.66,-0.20,10.55;-0.08,-0.03,0.03;30.51;23.00
8.56/0;27.73;0.52,-0.12,10.86;-0.09,-0.03,0.03;30.55;23.00
8.58/0;27.75;0.63,-0.18,10.74;-0.09,-0.04,0.03;30.55;23.00
8.60/0;27.69;0.62,-0.11,10.82;-0.09,-0.04,0.03;30.51;23.00
8.61/0;27.81;1.19,-0.49,7.43;-0.08,0.00,0.03;30.65;23.00
8.63/0;27.81;0.63,-0.13,10.80;-0.09,-0.04,0.03;30.46;22.00
8.65/0;27.85;0.67,-0.18,10.83;-0.08,-0.04,0.03;30.51;23.00
8.66/0;27.73;0.73,-0.17,10.88;-0.09,-0.04,0.03;30.51;23.00
8.68/0;28.01;0.81,-0.16,10.86;-0.09,-0.04,0.03;30.55;24.00
8.70/0;28.01;0.73,-0.11,10.76;-0.09,-0.04,0.03;30.51;24.00
8.72/0;28.05;0.66,-0.14,10.85;-0.09,-0.04,0.03;30.65;24.00
8.73/0;27.79;0.68,-0.15,10.89;-0.09,-0.04,0.03;30.46;23.00
8.75/0;28.01;0.67,-0.20,10.68;-0.09,-0.04,0.03;30.60;24.00
8.77/0;27.85;0.62,-0.16,10.81;-0.09,-0.04,0.03;30.51;24.00
8.78/0;27.87;0.69,-0.10,10.76;-0.09,-0.04,0.03;30.65;24.00
8.80/0;27.85;0.72,-0.12,10.87;-0.09,-0.04,0.03;30.60;24.00
8.82/0;27.99;0.69,-0.13,10.79;-0.09,-0.04,0.03;30.60;24.00
8.83/0;27.95;0.68,-0.11,10.81;-0.09,-0.04,0.03;30.55;24.00
8.85/0;27.95;0.67,-0.15,10.79;-0.09,-0.04,0.03;30.60;24.00
8.87/0;27.99;0.70,-0.09,10.79;-0.09,-0.04,0.03;30.60;24.00
8.88/0;27.95;0.68,-0.16,10.85;-0.09,-0.04,0.03;30.55;24.00
8.90/0;28.01;0.67,-0.17,10.79;-0.08,-0.04,0.03;30.60;23.00
8.92/0;27.99;0.74,-0.07,10.81;-0.09,-0.03,0.03;30.51;23.00
8.93/0;28.05;0.76,-0.08,10.82;-0.09,-0.04,0.03;30.55;23.00
8.95/0;28.07;0.67,-0.16,10.87;-0.09,-0.04,0.03;30.51;23.00
8.97/0;28.01;0.70,-0.10,11.06;-0.09,-0.05,0.03;30.60;23.00
8.98/0;28.01;0.74,-0.14,10.78;-0.09,-0.04,0.03;30.55;23.00
9.00/0;28.11;0.73,-0.16,10.82;-0.09,-0.04,0.03;30.55;22.00
9.02/0;28.05;0.70,-0.16,10.80;-0.09,-0.04,0.03;30.60;23.00
9.03/0;28.07;0.69,-0.15,11.01;-0.09,-0.05,0.03;30.65;23.00
9.05/0;28.01;0.69,-0.16,10.78;-0.08,-0.04,0.03;30.65;23.00
9.07/0;27.99;0.67,-0.13,10.84;-0.09,-0.04,0.03;30.60;23.00
9.08/0;28.05;0.67,-0.15,10.80;-0.09,-0.04,0.03;30.55;22.00
9.10/0;27.99;0.70,-0.12,10.83;-0.09,-0.04,0.03;30.55;22.00
9.12/935;27.99;0.65,-0.14,10.80;-0.08,-0.04,0.03;30.60;23.00
9.13/0;28.05;0.67,-0.17,10.80;-0.09,-0.04,0.03;30.65;23.00
9.15/0;28.01;0.64,-0.19,10.90;-0.09,-0.04,0.03;30.55;23.00
9.17/0;27.99;0.62,-0.11,10.81;-0.09,-0.04,0.03;30.60;23.00
9.18/0;27.95;0.79,-0.10,10.82;-0.09,-0.04,0.03;30.65;22.00
9.20/0;28.07;0.89,0.16,9.04;-0.08,-0.04,0.03;30.55;22.00
9.22/0;28.01;0.71,-0.22,10.81;-0.09,-0.04,0.03;30.69;23.00
9.23/0;28.01;0.68,-0.15,10.82;-0.09,-0.04,0.03;30.55;23.00
9.25/0;27.95;0.68,-0.15,10.80;-0.09,-0.04,0.03;30.65;22.00
9.27/0;28.01;0.69,-0.10,10.87;-0.09,-0.04,0.03;30.51;21.00
9.28/0;28.01;0.68,-0.07,10.91;-0.09,-0.04,0.03;30.65;22.00
9.30/0;28.05;0.75,-0.17,10.82;-0.09,-0.05,0.03;30.65;23.00
9.32/0;28.01;0.57,0.15,10.86;-0.07,-0.19,0.03;30.60;24.00
9.33/0;28.05;0.79,-0.19,10.86;-0.09,-0.04,0.03;30.55;23.00
9.35/0;27.99;0.70,-0.11,10.82;-0.09,-0.04,0.03;30.55;23.00
9.37/0;27.85;0.70,-0.13,10.83;-0.09,-0.04,0.03;30.60;22.00
9.38/0;27.85;0.67,-0.12,10.81;-0.09,-0.04,0.03;30.65;22.00
9.40/0;27.85;0.70,-0.10,10.86;-0.09,-0.04,0.03;30.65;23.00
9.42/0;27.85;0.74,-0.17,10.75;-0.09,-0.04,0.03;30.60;23.00
9.43/0;27.81;0.68,-0.09,10.82;-0.08,-0.04,0.03;30.60;22.00
9.45/0;27.81;0.64,-0.12,10.83;-0.09,-0.04,0.03;30.55;22.00
9.47/0;27.87;0.65,-0.18,10.82;-0.09,-0.04,0.03;30.51;22.00
9.48/0;27.87;0.66,-0.22,10.78;-0.09,-0.04,0.03;30.55;22.00
9.50/0;27.85;0.75,-0.15,10.84;-0.09,-0.04,0.03;30.74;22.00
9.52/0;27.81;0.69,-0.14,10.88;-0.09,-0.04,0.03;30.60;22.00
9.54/0;27.81;0.68,-0.10,10.70;-0.09,-0.04,0.03;30.69;21.00
9.55/0;27.85;0.66,-0.12,10.83;-0.09,-0.04,0.03;30.55;21.00
9.57/0;27.81;0.67,-0.13,10.76;-0.09,-0.04,0.03;30.60;21.00
9.59/0;27.75;0.70,-0.09,10.83;-0.09,-0.04,0.03;30.55;23.00
9.60/0;27.75;0.70,-0.15,10.83;-0.09,-0.04,0.03;30.55;24.00
9.62/0;27.73;0.70,-0.12,10.86;-0.09,-0.04,0.03;30.60;24.00
9.64/0;27.63;0.69,-0.08,10.78;-0.09,-0.04,0.03;30.51;24.00
9.65/0;27.59;0.73,-0.16,10.86;-0.08,-0.04,0.03;30.55;23.00
9.67/0;27.63;0.73,-0.16,10.81;-0.09,-0.04,0.03;30.60;23.00
9.69/0;27.61;0.76,-0.12,10.77;-0.09,-0.04,0.03;30.65;23.00
9.70/0;27.67;0.72,-0.12,10.85;-0.09,-0.04,0.03;30.65;23.00
9.72/0;27.67;0.63,-0.15,10.79;-0.09,-0.04,0.03;30.65;22.00
9.74/0;27.55;0.76,-0.08,10.78;-0.08,-0.04,0.03;30.60;22.00
9.75/0;27.59;0.75,-0.11,10.87;-0.08,-0.04,0.03;30.55;22.00
9.77/0;27.59;0.76,-0.08,10.79;-0.09,-0.04,0.03;30.65;22.00
9.79/0;27.53;0.64,-0.14,10.80;-0.09,-0.06,0.03;30.51;22.00
9.80/0;27.55;0.70,-0.11,10.87;-0.09,-0.04,0.03;30.55;22.00
9.82/0;27.59;0.67,-0.12,10.78;-0.09,-0.04,0.03;30.55;21.00
9.84/0;27.63;0.71,-0.18,10.83;-0.09,-0.04,0.03;30.51;21.00
9.85/0;27.63;0.67,-0.08,10.82;-0.09,-0.04,0.03;30.46;22.00
9.87/0;27.59;0.38,0.62,9.92;-0.12,-0.05,0.03;30.55;22.00
9.89/0;27.73;0.70,-0.12,10.76;-0.09,-0.04,0.03;30.51;22.00
9.90/0;27.59;0.66,-0.18,10.86;-0.08,-0.04,0.03;30.46;22.00
9.92/0;27.63;0.75,-0.11,10.74;-0.09,-0.04,0.03;30.46;23.00
9.94/0;27.67;0.83,-0.11,10.88;-0.09,-0.04,0.03;30.51;24.00
9.95/0;27.75;0.81,-0.14,10.73;-0.09,-0.04,0.03;30.51;24.00
9.97/0;27.79;0.82,-0.08,10.90;-0.08,-0.04,0.03;30.55;24.00
9.99/0;27.75;0.81,-0.17,10.74;-0.09,-0.04,0.03;30.41;24.00
10.00/0;27.73;0.77,-0.12,10.85;-0.09,-0.04,0.03;30.60;24.00
0.01/0;27.67;0.85,-0.10,10.85;-0.09,-0.04,0.03;30.55;25.00
0.03/0;27.69;0.82,-0.11,10.82;-0.09,-0.04,0.03;30.51;24.00
0.04/0;27.75;0.69,-0.02,10.78;-0.09,-0.04,0.03;30.51;24.00
0.06/0;27.69;0.88,-0.13,10.89;-0.09,-0.04,0.03;30.55;24.00
0.08/0;27.75;0.80,-0.15,10.79;-0.09,-0.04,0.03;30.41;22.00
0.09/0;27.75;0.80,-0.11,10.77;-0.09,-0.04,0.03;30.51;24.00
0.11/0;27.79;0.85,-0.08,10.82;-0.09,-0.04,0.03;30.46;24.00
0.13/0;27.85;0.75,0.02,10.84;-0.08,-0.04,0.03;30.51;26.00
0.14/0;27.75;0.79,-0.14,10.79;-0.08,-0.05,0.03;30.60;28.00
0.16/0;27.67;0.63,-0.15,10.13;-0.08,-0.02,0.03;30.37;28.00
0.18/97;27.67;0.81,-0.09,10.86;-0.09,-0.05,0.03;30.46;27.00
0.19/0;27.91;0.82,-0.15,10.82;-0.09,-0.04,0.03;30.51;25.00
0.21/0;27.75;0.78,-0.06,10.85;-0.09,-0.04,0.03;30.46;26.00
0.23/0;28.25;1.21,-0.45,10.92;-0.10,-0.07,0.03;30.55;28.00
0.24/0;28.45;0.90,-0.14,10.80;-0.09,-0.04,0.03;30.51;28.00
0.26/0;27.73;0.86,-0.09,10.84;-0.09,-0.04,0.03;30.55;28.00
0.28/0;27.75;0.85,-0.07,10.86;-0.09,-0.04,0.03;30.55;28.00
0.29/0;27.81;0.85,-0.09,10.71;-0.09,-0.04,0.03;30.60;29.00
0.31/0;27.81;0.84,-0.12,10.81;-0.09,-0.04,0.03;30.46;30.00
0.33/0;27.75;0.70,-0.02,10.84;-0.09,-0.04,0.03;30.55;29.00
0.34/0;27.75;0.82,-0.15,10.85;-0.09,-0.04,0.03;30.51;29.00
0.36/0;27.79;0.82,-0.12,10.74;-0.09,-0.04,0.03;30.46;28.00
0.38/0;27.85;0.78,-0.13,10.90;-0.09,-0.04,0.03;30.46;28.00
0.39/0;27.81;0.87,-0.12,10.78;-0.09,-0.04,0.03;30.51;30.00
0.41/0;27.79;0.79,-0.11,10.84;-0.09,-0.04,0.03;30.51;30.00
0.43/0;27.85;0.81,-0.11,10.83;-0.09,-0.04,0.03;30.55;28.00
0.44/0;27.79;0.81,-0.04,10.69;-0.09,-0.04,0.03;30.51;27.00
0.46/0;27.79;0.84,-0.08,10.83;-0.09,-0.04,0.03;30.55;26.00
0.48/0;27.85;0.77,-0.11,10.81;-0.09,-0.04,0.03;30.55;26.00
0.49/0;27.81;0.80,-0.09,10.85;-0.09,-0.04,0.03;30.51;26.00
0.51/0;27.79;0.83,-0.08,10.81;-0.09,-0.04,0.03;30.51;27.00
0.53/0;27.85;0.85,-0.10,10.75;-0.09,-0.04,0.03;30.55;27.00
0.54/0;27.79;0.88,-0.09,10.86;-0.09,-0.04,0.03;30.60;26.00
0.56/0;27.79;0.85,-0.12,10.77;-0.08,-0.04,0.03;30.60;26.00
0.58/0;27.85;0.82,-0.13,10.78;-0.09,-0.04,0.03;30.65;27.00
0.59/0;27.79;0.80,-0.11,10.84;-0.09,-0.04,0.03;30.55;28.00
0.61/0;27.75;0.85,-0.09,10.83;-0.09,-0.03,0.03;30.60;28.00
0.63/0;27.75;0.91,-0.10,10.95;-0.09,-0.04,0.03;30.55;27.00
0.64/0;27.79;0.76,-0.12,10.84;-0.09,-0.04,0.03;30.55;26.00
0.66/0;27.69;0.89,-0.13,10.79;-0.09,-0.04,0.03;30.60;27.00
0.68/0;27.75;0.82,-0.10,10.75;-0.09,-0.04,0.03;30.65;26.00
0.69/0;27.79;0.81,-0.09,10.84;-0.09,-0.04,0.03;30.65;26.00
0.71/0;27.79;0.87,-0.16,10.84;-0.09,-0.04,0.03;30.60;25.00
0.73/0;27.81;0.81,-0.08,10.77;-0.09,-0.04,0.03;30.55;25.00
0.74/0;27.81;0.76,-0.12,10.81;-0.09,-0.04,0.03;30.55;24.00
0.76/0;27.81;0.78,-0.08,10.88;-0.09,-0.04,0.03;30.60;25.00
0.78/0;27.81;0.81,-0.12,10.86;-0.09,-0.04,0.03;30.55;25.00
0.79/0;27.79;0.80,-0.12,10.84;-0.08,-0.04,0.03;30.46;24.00
0.81/0;27.81;0.82,-0.10,10.76;-0.09,-0.04,0.03;30.51;24.00
0.83/720;27.81;0.81,-0.15,10.82;-0.09,-0.04,0.03;30.60;23.00
0.85/0;27.79;0.80,-0.18,10.80;-0.09,-0.04,0.03;30.65;23.00
0.86/0;27.85;0.80,-0.15,10.77;-0.09,-0.04,0.03;30.60;24.00
0.88/0;27.81;0.85,-0.08,10.83;-0.09,-0.04,0.03;30.65;23.00
0.90/0;27.69;0.82,-0.13,10.75;-0.09,-0.04,0.03;30.55;23.00
0.91/0;27.69;0.88,-0.11,10.79;-0.09,-0.04,0.03;30.51;22.00
0.93/0;27.67;0.79,-0.04,10.82;-0.09,-0.04,0.03;30.60;22.00
0.95/0;27.61;0.81,-0.04,10.81;-0.09,-0.04,0.03;30.65;23.00
0.96/0;27.63;0.78,-0.08,10.78;-0.09,-0.04,0.03;30.51;23.00
0.98/0;27.61;0.78,-0.11,10.80;-0.08,-0.04,0.03;30.51;22.00
1.00/0;27.55;0.81,-0.04,10.81;-0.08,-0.04,0.03;30.55;21.00
1.01/0;27.47;0.80,-0.12,10.73;-0.09,-0.04,0.03;30.51;21.00
1.03/0;27.37;0.82,-0.08,10.81;-0.09,-0.04,0.03;30.60;22.00
1.05/0;27.55;0.82,-0.14,10.80;-0.09,-0.04,0.03;30.46;22.00
1.06/0;27.53;0.77,-0.02,10.85;-0.09,-0.04,0.03;30.51;21.00
1.08/0;27.53;0.82,-0.01,10.88;-0.09,-0.04,0.03;30.60;21.00
1.10/0;27.55;0.83,-0.09,10.77;-0.09,-0.04,0.03;30.55;20.00
1.11/0;27.55;0.88,-0.01,10.81;-0.09,-0.04,0.03;30.41;21.00
1.13/0;27.55;0.82,-0.07,10.71;-0.09,-0.04,0.03;30.55;21.00
1.15/0;27.61;0.87,-0.05,10.84;-0.09,-0.04,0.03;30.46;21.00
1.16/0;27.67;0.87,-0.03,10.83;-0.09,-0.04,0.03;30.46;20.00
